0.52 0.449 0.205 0.46 0.123 0.132 0.794 0.265 0.47 0.07 0.2 0.148 0.395 0.148 0.42 0.474 0.175 0.258 0.029 0.05 0.161 0.198 0.102 0.177 0.083 0.34 0.117 0.267 0.247 0.992 0.198 0.671 0.256 0.51 0.23 0.127 0.133 0.356 0.257 0.103 0.209 0.336 0.102 0.775 0.179 0.028 0.117 0.066 0.226 0.112 0.13 0.243 0.224 0.065 0.123 0.221 0.03 0.384 0.095 0.163 
0.52 0.592 0 0.294 0.119 0.45 0.187 0.243 0.508 0.129 0.093 0.71 0.762 0.27 0.204 0.244 0.119 0.161 0.037 0.008 0.127 0.092 0.063 0.302 0.045 0.322 0.285 0.273 0.444 0.046 0.156 0.596 0.379 0.252 0.145 0.166 0.18 0.137 0.204 0.142 0.779 0.276 0.08 0.468 0.156 0.035 0.215 0.013 0.934 0.036 0.242 0.016 0.365 0.116 0.919 0.201 0.027 0.121 0.085 0.109 
0.486 0.027 0.027 0.018 0.005 0.002 0.006 0.007 0.009 0.001 0 0 0.001 0.002 0 0 0 0 0 0 0.003 0.023 0.001 0.003 0 0.007 0 0 0 0.002 0.006 0.004 0 0.004 0.001 0.033 0.097 0.011 0.002 0.074 0.002 0.003 0.01 0 0.001 0 0.001 0 0.002 0 0.063 0.346 0.108 0.056 0.173 0 0 0 0 0 
0.214 0.048 0.025 0.049 0.052 0.048 0.3 0.478 0.031 0.091 0 0.104 0.022 0.011 0 0.015 0.033 0.031 0.001 0.002 0.739 0.843 0.773 0.739 0.52 0.085 0.002 0.002 0.008 0.004 0.003 0.021 0.045 0.141 0.027 0.016 0.034 0.021 0.053 0 0.027 0.012 0 0.005 0.026 0.024 0.061 0 0.006 0 0 0 0.004 0 0.006 0.001 0.056 0.016 0.005 0.004 
0.19 0.175 0.056 0.105 0.092 0.147 0.328 0.388 0.309 0.279 0.122 0.485 0.265 0.837 0.649 0.422 0.1 0.768 0.996 0.998 0.58 0.474 0.616 0.554 0.288 0.489 0.141 0.862 0.812 0.087 0.13 0.099 0.203 0.751 0.196 0.821 0.885 0.279 0.802 0.523 0.182 0.213 0.894 0.154 0.562 0.14 0.12 0.977 0.131 0.838 0.015 0.06 0.161 0.015 0.056 0.114 0.032 0.195 0.059 0.149 
0.181 0.303 0.261 0.301 0.128 0.103 0.025 0.131 0.205 0.111 0.075 0.092 0.143 0.223 0 0.129 0.205 0.094 0.027 0.01 0.045 0.027 0.017 0.058 0.02 0.212 0.026 0.106 0.027 0.022 0.944 0.148 0.06 0.14 0.118 0.031 0.19 0.035 0.32 0.299 0.146 0.072 0.087 0.033 0.04 0.022 0.022 0 0.064 0.011 0.004 0 0.057 0.004 0.017 0.052 0.023 0.19 0.205 0.165 
0.167 0.069 0.115 0.097 0.053 0.079 0.059 0.212 0.173 0.031 0.619 0.436 0.325 0.21 0.067 0.614 0.276 0.057 0.031 0.009 0.016 0.014 0.004 0.005 0.005 0.59 0.06 0.193 0.164 0.032 0.017 0.054 0.013 0.087 0.048 0.026 0.014 0.048 0.115 0.017 0.056 0.055 0.05 0.042 0.006 0 0.014 0.013 0.028 0.019 0.012 0 0.112 0.031 0.039 0.166 0.017 0.289 0.246 0.182 
0.158 0.435 0.421 0.742 0.082 0.008 0.011 0.016 0.028 0.011 0.012 0.006 0.005 0.018 0.564 0.035 0.002 0.013 0.001 0.001 0.003 0.034 0.007 0.036 0.001 0.107 0.007 0.038 0 0.017 0.062 0.092 0.487 0.064 0.023 0.012 0.025 0.025 0.106 0.741 0.023 0.011 0.099 0 0.049 0 0.01 0 0.008 0 0.368 0.837 0.785 0.979 0.26 0.024 0.001 0.012 0.016 0.003 
0.143 0.208 0.061 0.075 0.03 0.007 0.011 0.036 0.082 0.003 0.021 0.021 0.101 0.035 0 0.012 0.003 0.009 0.027 0.002 0.004 0.003 0.006 0.002 0 0.073 0.022 0.012 0 0.003 0.016 0.053 0.014 0.037 0.043 0.019 0.002 0.033 0.006 0.006 0.217 0.028 0.011 0.034 0.021 0 0.016 0 0.219 0.006 0 0 0.068 0 0.002 0.066 0.003 0.032 0.06 0.018 
0.085 0.053 0.042 0.042 0.05 0.071 0.007 0.097 0.262 0.047 0.07 0.037 0.099 0.058 0 0.075 0.07 0.013 0.015 0.007 0.194 0.101 0.004 0.011 0.001 0.074 0.01 0.022 0.022 0.009 0.01 0.022 0.702 0.06 0.929 0.077 0.05 0.014 0.128 0.037 0.086 0.168 0.017 0.03 0.098 0.096 0.143 0.084 0.032 0.341 0.056 0 0.011 0.005 0.011 0.023 0.032 0.778 0.489 0.521 
0.079 0.052 0.067 0.054 0.961 0.01 0.325 0.051 0.016 0.011 0.007 0.041 0.019 0.013 0 0.018 0 0 0.001 0.001 0.105 0.016 0.047 0.034 0.028 0.021 0.031 0.033 0 0.002 0.015 0.067 0.063 0.05 0.045 0.006 0.037 0.025 0.002 0.002 0.048 0.005 0 0.001 0.016 0 0.006 0 0.014 0 0.005 0 0.035 0 0.007 0.918 0.996 0.201 0.791 0.089 
0.07 0.075 0.08 0.023 0.013 0.206 0.029 0.153 0.299 0.046 0.002 0.004 0.01 0.005 0 0.127 0.03 0.001 0.003 0.002 0.028 0.014 0.013 0.036 0.016 0.048 0.041 0.022 0.019 0.01 0.005 0.013 0 0.103 0.017 0.062 0.056 0.103 0.244 0.006 0.026 0.092 0.04 0.143 0.015 0.642 0.937 0.075 0.011 0.033 0 0.029 0.005 0.021 0.173 0.048 0.001 0.027 0.005 0.021 
0.069 0.033 0.027 0.06 0.039 0.432 0.027 0.481 0.068 0.821 0.064 0.008 0.042 0.108 0 0.047 0.015 0.008 0.012 0.008 0.009 0.002 0.066 0.045 0.734 0.086 0.026 0.014 0 0.012 0.017 0.302 0.014 0.146 0.037 0.154 0.044 0.52 0.049 0.085 0.03 0.058 0.027 0.029 0.013 0.104 0.129 0.11 0.023 0.057 0.007 0 0.014 0.026 0.01 0.028 0.004 0.093 0.039 0.029 
0.054 0.068 0.043 0.078 0.034 0.024 0.034 0.038 0.061 0.013 0.21 0.099 0.153 0.114 0.181 0.032 0.074 0.143 0.036 0.014 0.011 0.006 0.005 0.017 0 0.045 0.004 0.015 0 0.02 0.016 0.046 0.025 0.009 0.009 0.016 0.055 0.02 0.042 0.004 0.036 0.818 0.039 0.358 0.008 0 0.007 0 0.031 0 0 0 0.316 0 0.014 0.056 0.004 0.038 0.031 0.022 
0.054 0.088 0.045 0.079 0.054 0.441 0.042 0.282 0.319 0.125 0.654 0.055 0.112 0.224 0 0.268 0.027 0.059 0.017 0.012 0.04 0.017 0.013 0.011 0.013 0.207 0.137 0.115 0.192 0.044 0.074 0.099 0.064 0.044 0.026 0.015 0.053 0.027 0.047 0.042 0.044 0.166 0.057 0.017 0.027 0.02 0.027 0.04 0.052 0.078 0.008 0 0.027 0 0 0.052 0.009 0.088 0.061 0.173 
0.041 0.075 0.023 0.022 0.003 0.006 0.004 0.001 0.008 0 0.004 0.003 0.025 0.013 0 0.009 0.002 0.002 0.003 0.001 0.002 0.003 0.003 0.004 0 0.039 0.01 0.014 0 0.002 0.004 0.08 0 0.081 0.005 0.003 0.005 0.004 0.005 0.011 0.419 0.013 0 0.029 0.782 0 0.005 0 0.003 0 0 0 0.005 0 0 0.015 0.001 0.016 0.009 0.002 
0.041 0.028 0.014 0.031 0.012 0.019 0.009 0.054 0.031 0.008 0.009 0.009 0.033 0.016 0 0.06 0.003 0.013 0.008 0.002 0.007 0.003 0.007 0.002 0 0.038 0.008 0.054 0.011 0.015 0.023 0.175 0 0.004 0.023 0.003 0.006 0.01 0.03 0.01 0.011 0.122 0 0.008 0.003 0 0.023 0 0.019 0 0.883 0 0.003 0.006 0 0.048 0.003 0.026 0.039 0.015 
0.031 0.031 0.048 0.02 0.017 0.026 0.042 0.039 0.077 0.01 0.08 0.094 0.071 0.044 0.067 0.054 0.126 0.121 0.002 0.004 0.054 0.006 0.012 0.008 0.002 0.081 0.029 0.029 0.057 0.033 0.005 0.014 0.011 0.057 0.006 0.477 0.291 0.663 0.013 0.103 0.006 0.045 0.157 0.01 0.007 0.012 0.011 0 0.009 0.019 0.03 0.315 0.19 0.108 0.082 0.032 0.002 0.046 0.02 0.054 
0.024 0.146 0.039 0.072 0.01 0.021 0.095 0.032 0.069 0.018 0.238 0.054 0.018 0.166 0 0.185 0.893 0.515 0.003 0.003 0.136 0.043 0.027 0.095 0.016 0.192 0.014 0.187 0.108 0.011 0.132 0.04 0.063 0.013 0.01 0.113 0.044 0.203 0.157 0.139 0.011 0.014 0.362 0.006 0.013 0.034 0.009 0 0.005 0.028 0 0.115 0.054 0.082 0.009 0.019 0.001 0.083 0.004 0.037 
0.018 0.041 0.013 0.014 0.009 0.548 0.105 0.229 0.153 0.427 0.024 0.025 0.004 0.007 0 0.053 0.006 0.009 0.008 0.002 0.012 0.037 0.004 0.075 0.311 0.114 0.92 0.078 0 0.025 0.016 0.018 0.016 0.01 0.019 0.033 0.122 0.083 0.039 0.093 0.011 0.006 0.006 0.016 0.003 0.737 0.051 0.015 0.018 0.081 0 0 0.003 0 0 0.072 0.011 0.057 0.009 0.75 
0.018 0.022 0.04 0.004 0.002 0.03 0.011 0.105 0.166 0.034 0 0.001 0 0 0 0.007 0 0.002 0 0 0.018 0.001 0.012 0.006 0.009 0.019 0.003 0.002 0.043 0.001 0.006 0.002 0 0.018 0 0.033 0.014 0.014 0.006 0.019 0.001 0.001 0.001 0 0.001 0.012 0.001 0 0 0 0 0 0.009 0 0.022 0 0 0.001 0 0 
0.018 0.163 0.073 0.062 0.017 0.001 0.003 0.009 0.006 0.003 0.036 0.025 0.001 0.012 0 0 0.008 0.007 0 0 0.009 0.001 0.005 0.006 0 0.013 0.001 0.001 0 0 0 0.027 0 0.003 0.001 0.01 0 0.005 0 0 0 0 0.01 0 0.001 0 0.003 0 0.004 0 0.02 0.059 0.04 0 0.02 0.005 0 0.019 0.001 0.004 
0.013 0.041 0.367 0.015 0.023 0.005 0.022 0.034 0.029 0.001 0.002 0.002 0.025 0.011 0 0.024 0 0.017 0.001 0 0.001 0.001 0.01 0.015 0 0.02 0.003 0.001 0 0.001 0.005 0.02 0 0.039 0.027 0.005 0.036 0.006 0.073 0 0.004 0.028 0 0.007 0.006 0 0.014 0 0.019 0 0 0 0 0 0.005 0.019 0.002 0.003 0.008 0.005 
0.011 0.031 0.009 0.011 0.012 0.084 0.008 0.092 0.11 0.038 0.002 0 0.005 0.009 0 0.004 0.037 0.01 0.024 0.001 0.019 0.016 0.015 0.022 0.025 0.062 0.102 0.024 0.026 0.008 0 0.015 0.011 0.093 0.005 0.054 0.027 0.022 0.069 0.049 0.231 0.038 0.01 0.011 0.003 0.011 0.019 0.12 0.004 0.386 0.003 0 0.013 0 0 0.024 0.006 0.034 0.011 0.023 
0 0.002 0 0 0 0.003 0.001 0 0.01 0 0 0 0 0.001 0 0 0 0 0 0 0 0 0 0 0 0.011 0 0 0 0.001 0.003 0.008 0 0 0.002 0 0 0.003 0 0 0 0.003 0 0 0 0.015 0 0 0 0 0 0 0.005 0 0 0 0 0 0 0 
